1 10
100 200
201 210
900 1000
1 5000
500 1000
893 983
639 10048
39000 800000
7453 74530
10000 100000
657830 900000
2801 50129
123098 134980
18347 53948
50293 80
90 100820
900125 918247
50 500
9500 10000
11050 11500
40582 100000
837799 1000000
6501 7500
70000 80000
51000 52000
500 600
89023 92835
523 120948
40 900
239 300
5091 10948
342 260953
48 56890
85 600012
6093 41309
65389 250984
780 1429
800 1600
78 92
999999 1000000
1394 7800
237 498
7824 9582
98345 314980
23948 129038
256 31498
349 634
546 9863
245 352984
5364 5364
765 3245
64534 254364
54 546
654 4560
54 236
78678 436547
45 765
554 657
543 76576
534 36634
6574 23465
675 2345
746 4355
46 56745
235 32
564 7456
24253 235245
647464 802394
524 325246
53645 435467
678 32456
657 2546
75 35663
35 3467
3459 5467
8023 20068
235 67346
235465 546377
837799 837799
900000 900500
5430 25486
426 2653
576 45767
76485 245677
534 3450
7246 32574
3245 4673
23450 43250
500 3204