1 10
100 200
201 210
900 1000
999000 1000000
1 1000000
1000000 1
1 1
1000000 1000000
1 2
1 3
1 3
1 10
10 20
11 20
15 20
500 999
501 1000
8789 10000
999 1000
897456 1000000
64 1000
5000 10000
4999 10000
6842 6850
900000 1000000
837799 837799
800000 900000
900000 800000
999999 1000000
2 999999
123456 654321
89756 956421
1 837798
837798 1
101 200
201 300
301 400
401 500
501 600
601 700
701 800
801 900
901 1000
1001 2000
2001 3000
3001 4000
4001 5000
5001 6000
6001 7000
7001 8000
8001 9000
9001 10000
10001 100000
10001 200000
10001 300000
10001 400000
10001 500000
10001 600000
10001 700000
10001 800000
10001 900000