20 11
112 172
900 108
592 1296
1175 25
1728 3060
343 3871
320 320
7371 729
7700 5500
6776 1936
2880 14400
5746 13689
13524 10780
12150 5175
17152 25344
4913 4335
2916 8100
3249 1083
34400 34800
28665 12789
29524 45012
12696 35972
8640 2880
40625 40000
57460 45292
59049 64152
36848 73696
19343 74849
900 44100
63426 73036
81920 62464
10890 106722
62424 104040
85750 122500
28512 107568
45177 39701
46208 116964
123201 112554
137600 132800
25215 161376
3528 28224
101695 42527
98736 92928
125550 32400
156584 167164
121495 218691
48384 27648
24010 64827
117500 90000
244494 31212
83824 183872
14045 207866
186624 17496
24200 248050
257152 260288
71478 146205
67280 53824
3481 281961
122400 140400
85583 241865
138384 342116
377055 345303
32768 172032
42250 118300
17424 191664
228939 71824
147968 388416
219006 142830
289100 372400
236927 433526
57024 269568
255792 207831
481888 142376
545625 337500
11552 46208
302379 130438
109512 407628
605377 436870
492800 460800
209952 209952
121032 215168
530453 13778
557424 127008
325125 151725
650848 258860
461709 529830
38720 394944
760416 324761
8100 648000
819819 256711
414736 287776
553536 640026
415292 335768
27075 18050
175104 516096
197589 56454
710696 76832
735075 343035
140000 910000
