1 10
100 200
201 210
900 1000
999999 1000000
1000000 1000000
1 1
1 2
850000 1000000
1 1000000
300 450
123123 654321
95 212
80000 600001
100000 999100
834000 834999
835000 835999
836000 836999
837000 837999
838000 838999
839000 839999
840000 840999
841000 841999
837799 837799
837798 837798
837800 837800
837798 837800
1000 2000
4000 4999
4000 9999
1000000 1
12 123456
1 999999
999999 1
1 100000
100000 200000
200000 300000
300000 400000
400000 500000
500000 600000
600000 700000
700000 800000
800000 900000
900000 1000000
456456 123123
290 920
777777 666666
1000000 500000
123456 78910
101010 816790
475230 512326
3 4
520 6924
44 44
5180 72310
3432 19503
242432 91829
77 122310
28591 6619
121212 343434
8920 194290
775120 814202
682058 118013
106802 491057
813017 841972
913201 980153
450 620
28 31
253901 276082
61 712
