1 1000000
64048 64048 
333493 433000
735486 148435
503226 548699
22615 163970
40863 736861
688286 154036
485772 331198
964568 11080
262763 523939
272780 203296
617079 756510
358934 485596
116338 812371
792219 174193
954932 731243
87020 981289
844748 710905
454739 202748
284910 765955
298997 366690
497216 297984
877020 401833
865281 405001
580990 362137
428751 143754
38853 694967
247351 351860
572638 497870
148099 311073
293885 113707
937163 419347
112751 809601
509770 530979
787260 651220
647426 399011
508246 534511
940968 138170
973941 600335
354430 45790
872141 720937
468937 744582
31055 514153
259543 351303
419046 417147
431792 477117
579850 816706
159689 29218
30865 494397
768779 894452
340044 948904
721031 898392
45319 634038
485393 631521
458207 15893
811689 853609
952572 918942
926589 615538
183490 864917
67190 420563
995961 721207
279244 429527
959467 995010
41953 245598
474130 882031
397046 40325
58138 660938
294025 922328
870482 805144
515067 211319
643087 340536
932897 388263
400571 283359
952561 681734
819826 264091
272124 586612
95345 810941
6050 752236
638785 982845
722560 169293
347318 499729
473570 230101
16075 481154
430650 111885
758701 786795
584487 792764
556070 150442
196732 209009
371148 336601
775793 398191
540272 98884
881254 337016
273075 439987
949513 420761
136126 628433
928592 391524
264197 696508
452272 336403
880558 380439
