1 10
11 20
21 30
50 100
50 99
50 101
49 100
49 101
49 99
100 200
201 210
900 1000
1 1
1 1000000
1 100000
100001 200000
200001 300000
300001 400000
400001 500000
500001 600000
600001 700000
700001 800000
800001 900000
900001 1000000
837799 837799
201 300
250 300
200 301
201 299
1000 2000
1001 2000
1001 2001
1000 1999
1001 1999
999 2000
999 2001
10000 20000
10001 20000
10001 19999
15000 20000
15001 20000
15001 19999
599999 700000
600001 700000
600000 699999
600001 699999
500000 1000000
600000 900000
750000 850000
750000 837798
837800 1000000
1 524288
1 500000
1 400000
1 300000
1 200000
200000 700000
300000 700000
400000 700000
500000 700000
990000 1000000
980000 1000000
950000 1000000
925000 1000000
1000000 1