1 10
100 200
201 210
900 1000
59 72
60060 592359
30230 30231
1 1000000
1000000 1
1 2
1 1
1000000 1000000
5 25
3999 4999
39593 395959
700000 900000
500000 1000000
200000 1000000
3 4
86 82
879239 902323
162353 726345
8 1
359488 395848
294395 392939
593595 794599
385392 588585
405959 494494
395395 1000000
3213 434535
4323 323253
33333 33335
20000 23500
20000 64545
23000 23523
89000 93000
51253 95930
3959 49329
39202 395599
34993 899999
800000 900000
203030 203035
305094 439959
10000 200000
100000 200000
40000 80000
9000 100000
30030 303003
102002 202020
1 1000000
2 202020
10000 2
5 555555
8 64
64 8
200 300
500 500000
600 600000
700 700000
800 800000
900 900000