1 10
100 200
201 210
900 1000
3432 213423
14301 998231
2 3
90123 735249
21431 123543
8393 879548
487998 487998
985478 258
1000 50000
8954 888888
123456 456789
1 1
1000000 1000000
111111 222222
1 555555
686868 454545
315 568
6450 9988
500 2000
998 778899
989898 121212
100 50
51 515151
465900 500000
9785 656843
888 777
6666 5555
300 3000
1000 100000
999 999999
8000 1234
34845 346912
657555 468905
547 919545
1 1000000
1000000 1
321 45
225 225225
24 505404
200000 300000
300001 400000
400001 500000
2000 732123
863321 444444
234888 444444
7474 10000
48123 55223
98432 92222
1234 56789
45678 88225
522222 333333
9889 23232
45645 78978
12354 36548
456456 789789
123545 365487