144045 40738
881704 710833
873766 348998
792488 836180
470373 58691
719460 421894
234161 622467
794912 812814
537370 728063
686719 468128
260886 183998
159369 674911
565672 884226
536771 562216
720874 648290
38290 448032
361019 333326
958392 601198
30453 89806
781547 892222
338254 303428
568760 171897
250863 276994
566478 325445
566296 869146
801180 433535
286184 237136
925992 436153
282468 191572
798802 631158
126991 660327
245699 304980
973196 841937
818529 49629
742022 183173
815907 202665
325881 836345
849570 384042
5363 70941
14394 164370
870022 633958
137508 127373
902790 440003
35302 332198
620922 77273
692719 932107
5655 619836
137319 759114
914205 908904
458674 477218
679349 544660
88735 717066
192059 9249
300616 831890
444783 214420
235179 24014
353429 639580
316356 513781
951652 490805
689473 670292
119563 998647
422075 251581
700707 155798
872105 394005
481045 984657
909803 708011
453868 777188
799038 286654
484944 357220
339159 928666
412713 668229
697099 914486
606930 822072
183276 34028
752709 81749
476984 17483
650542 480236
536630 183679
147270 935467
470391 333469
431063 503011
853458 983236
141381 227993
650188 827790
58468 982203
800817 481100
238115 314639
94810 857958
305577 996701
219246 793926
603162 942990
560877 271103
282296 876854
959074 559033
325557 516036
615807 863252
576502 740662
173362 946244
343399 525421
