860555 858685
392965 575990
137738 666884
755956 330903
56295 595874
292054 419560
156022 960174
891485 415916
291035 433995
381721 562580
226962 909358
759123 168218
535454 963499
246012 873666
60568 459848
166758 798394
136787 468191
874359 957942
263934 790654
285986 58081
518746 408015
373132 755874
479978 166443
120352 297562
724817 616844
153335 372045
66110 286953
317540 310402
281030 17228
792574 413880
186402 436687
985040 224474
557290 936695
470977 661744
205105 145763
971822 12239
425796 8164
322555 49727
855256 91828
864242 436205
266374 129466
785297 581028
177187 696509
328539 403294
475331 925248
703434 590322
339077 445748
307259 558847
967472 119359
309065 145597
939879 65185
269809 98393
425304 991214
535371 564683
945136 922108
241144 112714
687629 122037
470314 316987
598988 864155
645334 117427
365590 606620
347294 148025
84185 697403
954010 32034
547561 703334
296019 265502
134452 499843
