1 12
4 66
1000 2000
1001 2000
2000 1001
999 999
1 2
999 1000
1 1000000
1000000 1
9 1000000
999999 1000000
1000000 999999
500000 1000000
400 500
600 700
888 1000
1001 1999
1000 1999
8888 9999
10000 19999
20000 30000
20000 30001
40000 50003
23432 4098
2048 4098
9999 10034
8888 11414
4234 9870
555555 666666
666 777
69 69
80085 8008
101 105
105 69
420 69
69 420
696969 80085
209 2009
371 371000
373 371
373 37300
789 999
711 79
555 911
903830 0725
11111 739
888 6769
3424 5453
45 45353
4535 9999
1001 10002
123132 4444
999 873
432423 322
999 34324
1888 2999
1010 2999
488 3929
2323 323
999 8288
3202 30008
238828 8888
9232 3239
9 9999
2366 99
324 9932
999 392
696969 420