1 10
100 200
201 210
900 1000
482432 886467
490890 689815
102118 158127
202553 490346
238021 408989
441485 514760
476413 747428
195761 683304
177708 356734
296077 741785
227208 274198
305235 348189
465639 564385
397026 725557
335267 715250
245789 563487
300369 537047
16622 419108
309038 544565
206631 253689
422846 570961
136685 552295
435482 767927
403152 532693
27823 243403
75248 346630
262570 659404
314336 542544
495580 723293
73090 403936
124047 442925
148543 572959
71908 253424
343253 724198
433394 499629
444355 800594
214350 295389
271848 438031
413483 604835
295723 753380
406931 777901
229039 398539
284156 343882
414059 693794
303790 790938
110580 538417
322378 597852
368604 779241
473341 701549
291581 698316
294443 546730
262973 271765
333325 368146
191326 454486
226172 713220
220816 353918
374369 840575
318954 477478
42283 291647
1 1000000
837799 837799
502441 502441
477478 318954
291647 42283
886467 482432
689815 490890
158127 102118
