1 10
100 200
201 210
900 1000
1 100
1 1000
1 10000
1 100000
500 6000
10001 10010
100000 500000
400000 900000
10 10
10 1
16807 474967
648451 942674
107786 210802
27443 849421
776465 235702
563617 437050
482708 242968
807873 521366
280886 531713
378017 542469
543407 831695
816445 95159
127743 569802
492902 278874
350923 793830
897143 806190
612949 929166
722230 876929
579621 377525
234451 558037
511437 8562
899842 817719
124086 91589
423872 892192
639609 185420
33355 920128
616198 357354
514897 571133
787080 700269
507578 60773
725780 453583
727441 117339
795683 805793
540406 847214
306193 374775
259223 938157
28040 406051
622728 388817
737043 554429
337790 15
722338 219825
75595 445023
544653 932844
28524 808847
317305 192390
781688 820466
798752 245780
405483 729750
935832 128530
353860 52252
850348 843893
783255 955446
110807 618131
151454 982327
721147 476834
619558 944625
958555 842263
852294 264490
97799 879943
826434 90132
