1 10
100 200
201 210
900 1000
1 1000000
1 9999
10000 19999
50000 59999
10000 100000
699998 800001
999999 1000000
100000 199999
200000 299999
400000 599999
1 1
1000000 1000000
2 4
16666 888899
100 11000
256 256
128 128
400999 600000
1 10000
90000 100000
800001 899999
888888 999999
49999 50001
8500 120000
69999 70001
99 101
350001 350004
300000 400000
300000 349999
60000 69999
2 2
4 4
6 10
10 6
70000 79999
79999 70000
210000 219999
210000 220000
220000 229999
229999 300001
48 248
1 999999
9999 999999
250000 259999
258700 260000
9999 29999
3 79
500000 509999
510000 519999
520000 529999
543 899
9000 9002
1024 1024
500000 1000000
500009 999991
6000 7000
