500 1
10 9
9 9
8 9
999999 999999
000001 000002
01          1000
555 456
800000 999999
4862 9731
10000 40000
78952 85123
78912 32145
1234 5678
9001 18002
9999 9999
1 999999
1 10
10 100
100 1000
1000 10000
10000 100000
100000 999999
999999 100000
100000 10000
10000 1000
1000 100
100 10
10 1
314159 265358
979323 846264
338327 950288
141421 356237
75369 15963
47896 41236
456852 258654
123456 789101
121314 151617
181920 304050
1 2
2 4
4 8
8 16
16 32
32 64
64 128
128 256
256 512
512 1024
1024 2048
2048 4096
4096 8192
8192 16384
16384 32768
32768 65536
65536 131072
131072 262144
262144 524288
524288 999999
