1 10
10 10
100 200
201 210
200 300
300 400
400 500
500 600
700 800
800 900
900 1000
1 1
1000000 1000000
1 1000000
1000000 1
166902 992873
61910 491241
422668 573357
70413 244559
503929 761601
874286 730606
133157 940385
952152 32968
527566 172170
588041 922782
429052 582338
376995 929178
317210 337259
763439 26669
276436 591840
895846 366251
93056 87012
313524 719076
710645 30021
36480 415214
283829 257553
153758 388980
186767 225152
13659 224524
663490 610749
360963 198235
351789 115169
838 578962
349040 399275
668052 221695
933684 37327
374110 682181
919439 668399
592979 876421
784672 133253
997243 382883
413492 926112
180938 610073
555001 350307
85576 672111
588419 590769
166022 490170
289876 877776
565239 390893
548775 522367
529652 425680
58360 680785
679872 491457
322474 69178
581892 603208
6000000 7000000
5068040 6204856