1 10 
100 200 
201 210
900 1000 
1 2 
1 1000000
999999 1000000
500000 999999
41 90
4 99
42 87 
42 45 
69 85 
31 91 
98 100 
10 41 
40 89 
80 89 
51 54 
25 88 
4 53 
5 46 
78 86 
55 80 
99 100 
78 88 
39 79
62 85 
652 899
841 874 
994 996 
512 825 
883 940 
994 999 
997 1000
975 995 
926 927 
990 1000 
311 426 
519 633 
537 819 
810 889 
409 732 
921 949 
261 751 
901 999 
870 952 
942 996 
618265 909946 
154046 395005 
822390 883994 
462324 843283 
251433 613403 
589479 955723 
93067 251749 
257513 590248 
930492 947553 
341847 749066 
624555 812951 
282301 454136 
618030 647179 
80838 372704 
757368 773642 
327591 373099 
39311 763648 
540263 579185 
978268 998735 
883426 963855
999999 1 
