2345 5122
12222 239900
500 1500
2500 7880
750 173133
1 100
101 200
201 300
301 400
401 500
501 600
601 700
701 800
801 900
901 1000
1001 2000
2001 3000
3001 4000
4001 5000
5001 6000
6001 7000
7001 8000
8001 9000
9001 10000
10001 20000
20001 30000
30001 40000
40001 50000
50001 60000
60001 70000
70001 80000
80001 90000
90001 100000
100001 200000
200001 300000
300001 400000
400001 500000
500001 600000
600001 700000
700001 800000
800001 900000
900001 1000000
1 1000000
837799 837799
77031 77031
6171 6171
871 871
97 97
9 9
1 1
1000000 1000000
100 200
4758 4759
1234 1234
5 5
10 10
20 20
40 40
2 2
4 4
8 8
16 16
32 32
64 64