1 10
100 200
201 210
900 1000
999999 1000000
1000000 1000000
1 1
1 2
850000 1000000
1 1000000
300 450
123123 654321
95 212
13930 14770
932 556
904 1000
12 18
3 20
13 1885
101010 10101
1 1000000
199 198
1024 768
1080 1920
999999 1000000
313524 719076
710645 30021
36480 415214
283829 257553
153758 388980
186767 225152
13659 224524
663490 610749
360963 198235
351789 115169
838 578962
349040 399275
668052 221695
933684 37327
374110 682181
919439 668399
592979 876421
784672 133253
997243 382883
413492 926112
