1 10
100 200
201 210
900 1000
54485 98054
8777 31751
10717 32425
21891 50997
30699 32736
10679 10991
18574 18949
19695 14926
19695 24926
16518 27775
28016 13136
771 16306
13014 11361
21086 8853
1402 98983
131 18572
12 13131
45025 49000
29585 60000
14234 79999
150000 22222
150000 222222
387423 879221
18035 22222
34098 27461
13227 89292
50000 78992
38291 99281
10101 22222
78092 10329
19829 393021
1 1000000
30004 809321
500000 778211
352011 900021
678912 879921
203791 278491
57392 789234
12938 79124
1821 5922
3999 4002
1823 7989
10293 89233
99082 101010
28192 33328
12 700
65000 65555
78919 90002
700000 900000
700000 800000
800000 900000
