1 10
100 200
201 210
900 1000
1 1
1 2
1 4
5 6
7 8
8 17
18 24
25 26
27 44
44 60
61 80
81 120
121 160
161 200
201 300
301 320
321 600
601 700
701 850
851 1100
1101 2000
2001 2400
2401 2900
2901 3700
3701 6000
6001 10000
10001 13000
13001 17000
17001 23000
23001 26000
26001 33000
33001 35500
35501 50000
50001 70000
70001 100000
100001 140000
140001 150000
150001 200000
200001 230000
230001 400000
400001 500000
500001 600000
600001 700000
700001 900000
10 17
2 2
900000 999999
20 24
1000 10000
3000 7000
999999 1
