69 370559
1 10
100 200
201 210
900 1000
91 887090
39 895
43 76849
9 96
69 776466
65 814583
51 915029
75 2422
6 3533
18 695
16 881888
81 66146
81 2459
99 769360
18 83367
65 26762
20 75716
42 70695
17 57475
1 1000000
42 92521
86 9763
62 75341
62 35562
96 51689
86 30109
57 183209
84 259706
69 999420
17 10868
8008 904307
4102 26213
611 714446
7296 583277
600 919554
7447 729646
1677 789643
91 825677
2299 836606
640 74096
3586 308252
5461 60259
617 3149
7086 55814
5984 555879
3026 22379
9786 75094
92 400
2025 64397
4439 717426
4728 830950
5523 710108
3076 879754
5797 68567
5367 177501
3224 607938
8155 208967
4101 779707
3386 268247
7910 727670
2891 655969
9897 9909
114 981
111359 941599
404616 661422
917271 934970
366741 496680
522102 895941
788408 956107
881545 936808
146508 584261
331786 529529
236158 897357
709535 943989
613427 882654
135267 321486
741086 832918
301 35474
603028 852015
8998 918074
457913 638422
9940 999374
824716 892502
77824 864773
85045 862074
69605 801233
88491 935413
40216 638929
4730 5785
375546 633023
266901 777373
269727 284351
