1 10
927 976
996 1000
762 818
408 996
805 815
681 830
273 749
597 917
355 516
755 871
970 991
776 955
966 975
217 877
980 994
810 870
934 995
405 530
351 369
31 409
12 870
652 922
878 953
338 389
909 972
83 489
302 609
645 830
188 563
332 820
297469 317195
624271 849048
664747 911583
683311 721732
763987 810484
41779 386146
834298 954966
824409 891945
578083 610985
598471 720523
676206 978038
55871 187577
220955 848228
971761 978834
51435 978305
927659 966217
341095 616674
4268 400881
893114 911312
713110 940141
261433 304224
769025 996649
214724 875777
733356 926915
806596 852600
522702 645680
909971 946612
774603 816795
943548 961946
731906 792082
362647 529575
774723 785545
166359 985263
737182 981940
780319 889490
225174 464032
518734 628535
794485 838110
825948 854487
24953 197030
1 1000000
