1 10
100 200
201 210
900 1000
1 1000000
1 1
1000000 1000000
10 1
200 100
1000000 1
800000 1000000
600000 800000
400000 600000
200000 400000
1 200000
758231 812254
164901 350025
644771 697210
580127 754650
490324 678480
153241 162186
557131 745166
717204 744626
548093 784700
435264 754784
762937 780933
555403 652652
340962 640506
609780 726000
237545 495555
701383 778631
135902 525561
575309 829930
733663 770741
615311 660475
122567 255316
137265 190986
765004 820973
625854 812117
135218 440844
216791 622859
404147 507889
73517 424844
117359 159470
378214 627294
3214 57102
5903 68543
1679 66537
17389 71043
34892 66780
36416 60026
41228 51820
841 11517
17894 42189
7758 84766
